{
 "cells": [
  {
   "cell_type": "markdown",
   "metadata": {},
   "source": [
    "# Solución del examen 3\n",
    "\n",
    "## Punto 2\n"
   ]
  },
  {
   "cell_type": "markdown",
   "metadata": {},
   "source": [
    "Importamos las librerias "
   ]
  },
  {
   "cell_type": "code",
   "execution_count": 150,
   "metadata": {},
   "outputs": [],
   "source": [
    "import cv2\n",
    "import os\n",
    "import numpy as np\n",
    "from scipy.linalg import eig"
   ]
  },
  {
   "cell_type": "markdown",
   "metadata": {},
   "source": [
    "Generamos las rutas donde esta el video y donde quedan las imagenes"
   ]
  },
  {
   "cell_type": "code",
   "execution_count": 151,
   "metadata": {},
   "outputs": [],
   "source": [
    "video_path = \"Data/temporizador.mp4\" #\"Data/Temporizador.mp4\"\n",
    "output_folder = \"Data/GrayscaleImages/\" #\"Data/GrayscaleImages\"\n",
    "output_folder_2=\"Data/representacion_imagenes/\""
   ]
  },
  {
   "cell_type": "markdown",
   "metadata": {},
   "source": [
    "Definimos el el directrio donde se encuentra las imagenes "
   ]
  },
  {
   "cell_type": "code",
   "execution_count": 152,
   "metadata": {},
   "outputs": [],
   "source": [
    "cap = cv2.VideoCapture(video_path)\n",
    "\n",
    "# Inicializa un contador de fotogramas\n",
    "frame_count = 0\n",
    "\n",
    "# Inicializa una lista para almacenar las imágenes en forma de columnas\n",
    "image_columns = []"
   ]
  },
  {
   "cell_type": "markdown",
   "metadata": {},
   "source": [
    "Generamos el ciclo para procesar las imagenes, ajustar la resolución de las imagenes y generar la matriz "
   ]
  },
  {
   "cell_type": "code",
   "execution_count": 153,
   "metadata": {},
   "outputs": [],
   "source": [
    "while frame_count <= 29:\n",
    "    # Lee un fotograma del video\n",
    "    ret, frame = cap.read()\n",
    "    if not ret:\n",
    "        break  # Sale del bucle cuando se han leído todos los fotogramas\n",
    "\n",
    "    # Procesa el fotograma (en este caso, se convierte a escala de grises)\n",
    "    gray_frame = cv2.cvtColor(frame, cv2.COLOR_BGR2GRAY)\n",
    "\n",
    "    # Ajusta la resolución a 400x600\n",
    "    gray_frame = cv2.resize(gray_frame, (600, 400))\n",
    "\n",
    "    ###### CARGAR A LA MATRIZ  \n",
    "    img_column = gray_frame.reshape(-1, 1)  # Convierte la imagen en una columna\n",
    "    image_columns.append(img_column)\n",
    "\n",
    "    # Guarda el fotograma como una imagen\n",
    "    image_filename = output_folder+f'frame_{frame_count:02d}.png'  # Define el nombre del archivo\n",
    "    cv2.imwrite(image_filename, gray_frame)  # Guarda el fotograma como una imagen\n",
    "\n",
    "    frame_count += 1"
   ]
  },
  {
   "cell_type": "code",
   "execution_count": 154,
   "metadata": {},
   "outputs": [],
   "source": [
    "# Libera el objeto de captura y cierra la ventana de video\n",
    "cap.release()\n",
    "cv2.destroyAllWindows()\n",
    "##############\n",
    "\n",
    "# Convierte la lista de columnas de imágenes en una matriz H de tamaño 240000 × 30\n",
    "H = np.hstack(image_columns)\n",
    "\n",
    "# Calcula el promedio de las filas de H\n",
    "mean_row = np.mean(H, axis=0, keepdims=True)\n",
    "\n",
    "# Resta el promedio de cada fila de H para obtener la matriz A\n",
    "A = H - mean_row\n"
   ]
  },
  {
   "cell_type": "markdown",
   "metadata": {},
   "source": [
    "Hacemos la multriplicación A(Transpuesta)x A para generar los valores propios "
   ]
  },
  {
   "cell_type": "code",
   "execution_count": 155,
   "metadata": {},
   "outputs": [
    {
     "data": {
      "text/plain": [
       "array([[1.41298582e+09, 1.41304762e+09, 1.41302228e+09, 1.39909889e+09,\n",
       "        1.39919341e+09, 1.38540724e+09, 1.38550955e+09, 1.36846765e+09,\n",
       "        1.36838817e+09, 1.34679702e+09, 1.34673610e+09, 1.32379679e+09,\n",
       "        1.32378225e+09, 1.30427023e+09, 1.30424158e+09, 1.04765191e+09,\n",
       "        1.04764301e+09, 1.03427637e+09, 1.03430335e+09, 1.01709299e+09,\n",
       "        1.01708219e+09, 1.00326016e+09, 1.00329302e+09, 9.92478512e+08,\n",
       "        9.92529628e+08, 9.82211696e+08, 9.82208740e+08, 9.69519027e+08,\n",
       "        9.69577101e+08, 1.07343527e+09],\n",
       "       [1.41304762e+09, 1.41312955e+09, 1.41310252e+09, 1.39918140e+09,\n",
       "        1.39927613e+09, 1.38548873e+09, 1.38559048e+09, 1.36854765e+09,\n",
       "        1.36846804e+09, 1.34687950e+09, 1.34681858e+09, 1.32388240e+09,\n",
       "        1.32386785e+09, 1.30435916e+09, 1.30433023e+09, 1.04771890e+09,\n",
       "        1.04771002e+09, 1.03434240e+09, 1.03436926e+09, 1.01719200e+09,\n",
       "        1.01718121e+09, 1.00337367e+09, 1.00340644e+09, 9.92591573e+08,\n",
       "        9.92642607e+08, 9.82324547e+08, 9.82321591e+08, 9.69630625e+08,\n",
       "        9.69688609e+08, 1.07353903e+09],\n",
       "       [1.41302228e+09, 1.41310252e+09, 1.41308126e+09, 1.39916073e+09,\n",
       "        1.39925501e+09, 1.38547794e+09, 1.38557894e+09, 1.36853618e+09,\n",
       "        1.36845659e+09, 1.34686345e+09, 1.34680252e+09, 1.32386584e+09,\n",
       "        1.32385130e+09, 1.30433882e+09, 1.30431011e+09, 1.04770550e+09,\n",
       "        1.04769662e+09, 1.03433095e+09, 1.03435806e+09, 1.01718517e+09,\n",
       "        1.01717438e+09, 1.00337085e+09, 1.00340387e+09, 9.92586587e+08,\n",
       "        9.92637873e+08, 9.82317657e+08, 9.82314709e+08, 9.69621973e+08,\n",
       "        9.69680166e+08, 1.07351958e+09],\n",
       "       [1.39909889e+09, 1.39918140e+09, 1.39916073e+09, 1.41018363e+09,\n",
       "        1.41026696e+09, 1.39227689e+09, 1.39240346e+09, 1.37507099e+09,\n",
       "        1.37500086e+09, 1.35298977e+09, 1.35292912e+09, 1.32940686e+09,\n",
       "        1.32939322e+09, 1.30934958e+09, 1.30931918e+09, 1.05584098e+09,\n",
       "        1.05583167e+09, 1.04202954e+09, 1.04205712e+09, 1.02441714e+09,\n",
       "        1.02440620e+09, 1.01014061e+09, 1.01017408e+09, 9.98980417e+08,\n",
       "        9.99032758e+08, 9.88398557e+08, 9.88395526e+08, 9.75348570e+08,\n",
       "        9.75407694e+08, 1.07592157e+09],\n",
       "       [1.39919341e+09, 1.39927613e+09, 1.39925501e+09, 1.41026696e+09,\n",
       "        1.41036036e+09, 1.39236946e+09, 1.39249551e+09, 1.37516731e+09,\n",
       "        1.37509719e+09, 1.35309167e+09, 1.35303101e+09, 1.32951717e+09,\n",
       "        1.32950342e+09, 1.30946935e+09, 1.30943863e+09, 1.05595241e+09,\n",
       "        1.05594305e+09, 1.04214909e+09, 1.04217649e+09, 1.02454735e+09,\n",
       "        1.02453640e+09, 1.01028597e+09, 1.01031925e+09, 9.99131623e+08,\n",
       "        9.99183774e+08, 9.88553583e+08, 9.88550553e+08, 9.75508717e+08,\n",
       "        9.75567676e+08, 1.07609156e+09],\n",
       "       [1.38540724e+09, 1.38548873e+09, 1.38547794e+09, 1.39227689e+09,\n",
       "        1.39236946e+09, 1.40483412e+09, 1.40496867e+09, 1.38314859e+09,\n",
       "        1.38308494e+09, 1.36050804e+09, 1.36044383e+09, 1.33622942e+09,\n",
       "        1.33621671e+09, 1.31556654e+09, 1.31553803e+09, 1.06741519e+09,\n",
       "        1.06740645e+09, 1.05311931e+09, 1.05314647e+09, 1.03495242e+09,\n",
       "        1.03494124e+09, 1.02017033e+09, 1.02020256e+09, 1.00858313e+09,\n",
       "        1.00863514e+09, 9.97644766e+08, 9.97641661e+08, 9.84189604e+08,\n",
       "        9.84248285e+08, 1.08016887e+09],\n",
       "       [1.38550955e+09, 1.38559048e+09, 1.38557894e+09, 1.39240346e+09,\n",
       "        1.39249551e+09, 1.40496867e+09, 1.40512954e+09, 1.38331272e+09,\n",
       "        1.38324921e+09, 1.36066264e+09, 1.36059819e+09, 1.33637600e+09,\n",
       "        1.33636330e+09, 1.31570168e+09, 1.31567299e+09, 1.06747471e+09,\n",
       "        1.06746596e+09, 1.05321011e+09, 1.05323710e+09, 1.03505719e+09,\n",
       "        1.03504602e+09, 1.02028028e+09, 1.02031233e+09, 1.00869416e+09,\n",
       "        1.00874602e+09, 9.97756621e+08, 9.97753510e+08, 9.84302384e+08,\n",
       "        9.84360935e+08, 1.08028890e+09],\n",
       "       [1.36846765e+09, 1.36854765e+09, 1.36853618e+09, 1.37507099e+09,\n",
       "        1.37516731e+09, 1.38314859e+09, 1.38331272e+09, 1.39867075e+09,\n",
       "        1.39861215e+09, 1.37066395e+09, 1.37059766e+09, 1.34578958e+09,\n",
       "        1.34577934e+09, 1.32470644e+09, 1.32467387e+09, 1.08136152e+09,\n",
       "        1.08135150e+09, 1.06670286e+09, 1.06672891e+09, 1.04774371e+09,\n",
       "        1.04773206e+09, 1.03222092e+09, 1.03225348e+09, 1.02002031e+09,\n",
       "        1.02007575e+09, 1.00858054e+09, 1.00857807e+09, 9.94543104e+08,\n",
       "        9.94602036e+08, 1.09038140e+09],\n",
       "       [1.36838817e+09, 1.36846804e+09, 1.36845659e+09, 1.37500086e+09,\n",
       "        1.37509719e+09, 1.38308494e+09, 1.38324921e+09, 1.39861215e+09,\n",
       "        1.39856030e+09, 1.37059034e+09, 1.37052413e+09, 1.34571091e+09,\n",
       "        1.34570063e+09, 1.32462311e+09, 1.32459060e+09, 1.08128016e+09,\n",
       "        1.08127008e+09, 1.06662278e+09, 1.06664882e+09, 1.04766173e+09,\n",
       "        1.04765008e+09, 1.03213542e+09, 1.03216797e+09, 1.01993525e+09,\n",
       "        1.01999068e+09, 1.00849413e+09, 1.00849166e+09, 9.94454591e+08,\n",
       "        9.94513511e+08, 1.09029694e+09],\n",
       "       [1.34679702e+09, 1.34687950e+09, 1.34686345e+09, 1.35298977e+09,\n",
       "        1.35309167e+09, 1.36050804e+09, 1.36066264e+09, 1.37066395e+09,\n",
       "        1.37059034e+09, 1.39381752e+09, 1.39374791e+09, 1.36148955e+09,\n",
       "        1.36147791e+09, 1.33913138e+09, 1.33909552e+09, 1.09746480e+09,\n",
       "        1.09745355e+09, 1.08184638e+09, 1.08187141e+09, 1.06178469e+09,\n",
       "        1.06177239e+09, 1.04524484e+09, 1.04527842e+09, 1.03220848e+09,\n",
       "        1.03226434e+09, 1.02007642e+09, 1.02007380e+09, 1.00523875e+09,\n",
       "        1.00529764e+09, 1.10291373e+09],\n",
       "       [1.34673610e+09, 1.34681858e+09, 1.34680252e+09, 1.35292912e+09,\n",
       "        1.35303101e+09, 1.36044383e+09, 1.36059819e+09, 1.37059766e+09,\n",
       "        1.37052413e+09, 1.39374791e+09, 1.39369318e+09, 1.36142771e+09,\n",
       "        1.36141600e+09, 1.33907102e+09, 1.33903514e+09, 1.09741650e+09,\n",
       "        1.09740524e+09, 1.08179817e+09, 1.08182320e+09, 1.06175276e+09,\n",
       "        1.06174050e+09, 1.04524444e+09, 1.04527800e+09, 1.03225203e+09,\n",
       "        1.03230791e+09, 1.02014393e+09, 1.02014130e+09, 1.00532451e+09,\n",
       "        1.00538340e+09, 1.10300294e+09],\n",
       "       [1.32379679e+09, 1.32388240e+09, 1.32386584e+09, 1.32940686e+09,\n",
       "        1.32951717e+09, 1.33622942e+09, 1.33637600e+09, 1.34578958e+09,\n",
       "        1.34571091e+09, 1.36148955e+09, 1.36142771e+09, 1.39456927e+09,\n",
       "        1.39454804e+09, 1.36322467e+09, 1.36317735e+09, 1.12061582e+09,\n",
       "        1.12060265e+09, 1.10363334e+09, 1.10365640e+09, 1.08205868e+09,\n",
       "        1.08204558e+09, 1.06413329e+09, 1.06416582e+09, 1.04996543e+09,\n",
       "        1.05002149e+09, 1.03689084e+09, 1.03688799e+09, 1.02101679e+09,\n",
       "        1.02107557e+09, 1.11822707e+09],\n",
       "       [1.32378225e+09, 1.32386785e+09, 1.32385130e+09, 1.32939322e+09,\n",
       "        1.32950342e+09, 1.33621671e+09, 1.33636330e+09, 1.34577934e+09,\n",
       "        1.34570063e+09, 1.36147791e+09, 1.36141600e+09, 1.39454804e+09,\n",
       "        1.39453360e+09, 1.36320700e+09, 1.36315896e+09, 1.12060495e+09,\n",
       "        1.12059182e+09, 1.10362335e+09, 1.10364641e+09, 1.08204807e+09,\n",
       "        1.08203499e+09, 1.06412089e+09, 1.06415343e+09, 1.04995576e+09,\n",
       "        1.05001184e+09, 1.03688667e+09, 1.03688383e+09, 1.02100262e+09,\n",
       "        1.02106141e+09, 1.11821765e+09],\n",
       "       [1.30427023e+09, 1.30435916e+09, 1.30433882e+09, 1.30934958e+09,\n",
       "        1.30946935e+09, 1.31556654e+09, 1.31570168e+09, 1.32470644e+09,\n",
       "        1.32462311e+09, 1.33913138e+09, 1.33907102e+09, 1.36322467e+09,\n",
       "        1.36320700e+09, 1.39183393e+09, 1.39177226e+09, 1.14069275e+09,\n",
       "        1.14067738e+09, 1.12245817e+09, 1.12247939e+09, 1.09951553e+09,\n",
       "        1.09950169e+09, 1.08032878e+09, 1.08036081e+09, 1.06512119e+09,\n",
       "        1.06517655e+09, 1.05119033e+09, 1.05118729e+09, 1.03434044e+09,\n",
       "        1.03439906e+09, 1.13104186e+09],\n",
       "       [1.30424158e+09, 1.30433023e+09, 1.30431011e+09, 1.30931918e+09,\n",
       "        1.30943863e+09, 1.31553803e+09, 1.31567299e+09, 1.32467387e+09,\n",
       "        1.32459060e+09, 1.33909552e+09, 1.33903514e+09, 1.36317735e+09,\n",
       "        1.36315896e+09, 1.39177226e+09, 1.39171743e+09, 1.14061776e+09,\n",
       "        1.14060243e+09, 1.12237861e+09, 1.12240025e+09, 1.09943205e+09,\n",
       "        1.09941820e+09, 1.08024302e+09, 1.08027543e+09, 1.06503574e+09,\n",
       "        1.06509147e+09, 1.05110652e+09, 1.05110347e+09, 1.03426996e+09,\n",
       "        1.03432890e+09, 1.13098445e+09],\n",
       "       [1.04765191e+09, 1.04771890e+09, 1.04770550e+09, 1.05584098e+09,\n",
       "        1.05595241e+09, 1.06741519e+09, 1.06747471e+09, 1.08136152e+09,\n",
       "        1.08128016e+09, 1.09746480e+09, 1.09741650e+09, 1.12061582e+09,\n",
       "        1.12060495e+09, 1.14069275e+09, 1.14061776e+09, 1.37818130e+09,\n",
       "        1.37815013e+09, 1.35032975e+09, 1.35034583e+09, 1.32153607e+09,\n",
       "        1.32151918e+09, 1.29661417e+09, 1.29663842e+09, 1.27706056e+09,\n",
       "        1.27711288e+09, 1.26182368e+09, 1.26181945e+09, 1.24395616e+09,\n",
       "        1.24401125e+09, 1.05206138e+09],\n",
       "       [1.04764301e+09, 1.04771002e+09, 1.04769662e+09, 1.05583167e+09,\n",
       "        1.05594305e+09, 1.06740645e+09, 1.06746596e+09, 1.08135150e+09,\n",
       "        1.08127008e+09, 1.09745355e+09, 1.09740524e+09, 1.12060265e+09,\n",
       "        1.12059182e+09, 1.14067738e+09, 1.14060243e+09, 1.37815013e+09,\n",
       "        1.37812115e+09, 1.35030861e+09, 1.35032468e+09, 1.32152170e+09,\n",
       "        1.32150482e+09, 1.29660158e+09, 1.29662584e+09, 1.27704612e+09,\n",
       "        1.27709844e+09, 1.26180949e+09, 1.26180528e+09, 1.24394362e+09,\n",
       "        1.24399871e+09, 1.05205617e+09],\n",
       "       [1.03427637e+09, 1.03434240e+09, 1.03433095e+09, 1.04202954e+09,\n",
       "        1.04214909e+09, 1.05311931e+09, 1.05321011e+09, 1.06670286e+09,\n",
       "        1.06662278e+09, 1.08184638e+09, 1.08179817e+09, 1.10363334e+09,\n",
       "        1.10362335e+09, 1.12245817e+09, 1.12237861e+09, 1.35032975e+09,\n",
       "        1.35030861e+09, 1.36652111e+09, 1.36653574e+09, 1.33642466e+09,\n",
       "        1.33640761e+09, 1.31045420e+09, 1.31048193e+09, 1.29004020e+09,\n",
       "        1.29009177e+09, 1.27409583e+09, 1.27409248e+09, 1.25542402e+09,\n",
       "        1.25547827e+09, 1.06269173e+09],\n",
       "       [1.03430335e+09, 1.03436926e+09, 1.03435806e+09, 1.04205712e+09,\n",
       "        1.04217649e+09, 1.05314647e+09, 1.05323710e+09, 1.06672891e+09,\n",
       "        1.06664882e+09, 1.08187141e+09, 1.08182320e+09, 1.10365640e+09,\n",
       "        1.10364641e+09, 1.12247939e+09, 1.12240025e+09, 1.35034583e+09,\n",
       "        1.35032468e+09, 1.36653574e+09, 1.36655243e+09, 1.33643636e+09,\n",
       "        1.33641932e+09, 1.31046330e+09, 1.31049152e+09, 1.29004581e+09,\n",
       "        1.29009783e+09, 1.27409949e+09, 1.27409614e+09, 1.25543407e+09,\n",
       "        1.25548876e+09, 1.06272480e+09],\n",
       "       [1.01709299e+09, 1.01719200e+09, 1.01718517e+09, 1.02441714e+09,\n",
       "        1.02454735e+09, 1.03495242e+09, 1.03505719e+09, 1.04774371e+09,\n",
       "        1.04766173e+09, 1.06178469e+09, 1.06175276e+09, 1.08205868e+09,\n",
       "        1.08204807e+09, 1.09951553e+09, 1.09943205e+09, 1.32153607e+09,\n",
       "        1.32152170e+09, 1.33642466e+09, 1.33643636e+09, 1.35779012e+09,\n",
       "        1.35778139e+09, 1.32425823e+09, 1.32428676e+09, 1.30275370e+09,\n",
       "        1.30280504e+09, 1.28597607e+09, 1.28597326e+09, 1.26636452e+09,\n",
       "        1.26641929e+09, 1.07393742e+09],\n",
       "       [1.01708219e+09, 1.01718121e+09, 1.01717438e+09, 1.02440620e+09,\n",
       "        1.02453640e+09, 1.03494124e+09, 1.03504602e+09, 1.04773206e+09,\n",
       "        1.04765008e+09, 1.06177239e+09, 1.06174050e+09, 1.08204558e+09,\n",
       "        1.08203499e+09, 1.09950169e+09, 1.09941820e+09, 1.32151918e+09,\n",
       "        1.32150482e+09, 1.33640761e+09, 1.33641932e+09, 1.35778139e+09,\n",
       "        1.35777463e+09, 1.32425215e+09, 1.32428063e+09, 1.30274844e+09,\n",
       "        1.30279978e+09, 1.28597067e+09, 1.28596787e+09, 1.26635908e+09,\n",
       "        1.26641385e+09, 1.07393587e+09],\n",
       "       [1.00326016e+09, 1.00337367e+09, 1.00337085e+09, 1.01014061e+09,\n",
       "        1.01028597e+09, 1.02017033e+09, 1.02028028e+09, 1.03222092e+09,\n",
       "        1.03213542e+09, 1.04524484e+09, 1.04524444e+09, 1.06413329e+09,\n",
       "        1.06412089e+09, 1.08032878e+09, 1.08024302e+09, 1.29661417e+09,\n",
       "        1.29660158e+09, 1.31045420e+09, 1.31046330e+09, 1.32425823e+09,\n",
       "        1.32425215e+09, 1.34497775e+09, 1.34500855e+09, 1.31560817e+09,\n",
       "        1.31565934e+09, 1.29791214e+09, 1.29791034e+09, 1.27737962e+09,\n",
       "        1.27743564e+09, 1.08574626e+09],\n",
       "       [1.00329302e+09, 1.00340644e+09, 1.00340387e+09, 1.01017408e+09,\n",
       "        1.01031925e+09, 1.02020256e+09, 1.02031233e+09, 1.03225348e+09,\n",
       "        1.03216797e+09, 1.04527842e+09, 1.04527800e+09, 1.06416582e+09,\n",
       "        1.06415343e+09, 1.08036081e+09, 1.08027543e+09, 1.29663842e+09,\n",
       "        1.29662584e+09, 1.31048193e+09, 1.31049152e+09, 1.32428676e+09,\n",
       "        1.32428063e+09, 1.34500855e+09, 1.34504216e+09, 1.31563505e+09,\n",
       "        1.31568670e+09, 1.29793567e+09, 1.29793389e+09, 1.27740241e+09,\n",
       "        1.27745889e+09, 1.08577533e+09],\n",
       "       [9.92478512e+08, 9.92591573e+08, 9.92586587e+08, 9.98980417e+08,\n",
       "        9.99131623e+08, 1.00858313e+09, 1.00869416e+09, 1.02002031e+09,\n",
       "        1.01993525e+09, 1.03220848e+09, 1.03225203e+09, 1.04996543e+09,\n",
       "        1.04995576e+09, 1.06512119e+09, 1.06503574e+09, 1.27706056e+09,\n",
       "        1.27704612e+09, 1.29004020e+09, 1.29004581e+09, 1.30275370e+09,\n",
       "        1.30274844e+09, 1.31560817e+09, 1.31563505e+09, 1.33385000e+09,\n",
       "        1.33389901e+09, 1.30852662e+09, 1.30852604e+09, 1.28705463e+09,\n",
       "        1.28710930e+09, 1.09624484e+09],\n",
       "       [9.92529628e+08, 9.92642607e+08, 9.92637873e+08, 9.99032758e+08,\n",
       "        9.99183774e+08, 1.00863514e+09, 1.00874602e+09, 1.02007575e+09,\n",
       "        1.01999068e+09, 1.03226434e+09, 1.03230791e+09, 1.05002149e+09,\n",
       "        1.05001184e+09, 1.06517655e+09, 1.06509147e+09, 1.27711288e+09,\n",
       "        1.27709844e+09, 1.29009177e+09, 1.29009783e+09, 1.30280504e+09,\n",
       "        1.30279978e+09, 1.31565934e+09, 1.31568670e+09, 1.33389901e+09,\n",
       "        1.33395005e+09, 1.30856837e+09, 1.30856779e+09, 1.28709433e+09,\n",
       "        1.28714949e+09, 1.09628380e+09],\n",
       "       [9.82211696e+08, 9.82324547e+08, 9.82317657e+08, 9.88398557e+08,\n",
       "        9.88553583e+08, 9.97644766e+08, 9.97756621e+08, 1.00858054e+09,\n",
       "        1.00849413e+09, 1.02007642e+09, 1.02014393e+09, 1.03689084e+09,\n",
       "        1.03688667e+09, 1.05119033e+09, 1.05110652e+09, 1.26182368e+09,\n",
       "        1.26180949e+09, 1.27409583e+09, 1.27409949e+09, 1.28597607e+09,\n",
       "        1.28597067e+09, 1.29791214e+09, 1.29793567e+09, 1.30852662e+09,\n",
       "        1.30856837e+09, 1.32414200e+09, 1.32414072e+09, 1.29554412e+09,\n",
       "        1.29559781e+09, 1.10437307e+09],\n",
       "       [9.82208740e+08, 9.82321591e+08, 9.82314709e+08, 9.88395526e+08,\n",
       "        9.88550553e+08, 9.97641661e+08, 9.97753510e+08, 1.00857807e+09,\n",
       "        1.00849166e+09, 1.02007380e+09, 1.02014130e+09, 1.03688799e+09,\n",
       "        1.03688383e+09, 1.05118729e+09, 1.05110347e+09, 1.26181945e+09,\n",
       "        1.26180528e+09, 1.27409248e+09, 1.27409614e+09, 1.28597326e+09,\n",
       "        1.28596787e+09, 1.29791034e+09, 1.29793389e+09, 1.30852604e+09,\n",
       "        1.30856779e+09, 1.32414072e+09, 1.32413976e+09, 1.29554267e+09,\n",
       "        1.29559637e+09, 1.10437349e+09],\n",
       "       [9.69519027e+08, 9.69630625e+08, 9.69621973e+08, 9.75348570e+08,\n",
       "        9.75508717e+08, 9.84189604e+08, 9.84302384e+08, 9.94543104e+08,\n",
       "        9.94454591e+08, 1.00523875e+09, 1.00532451e+09, 1.02101679e+09,\n",
       "        1.02100262e+09, 1.03434044e+09, 1.03426996e+09, 1.24395616e+09,\n",
       "        1.24394362e+09, 1.25542402e+09, 1.25543407e+09, 1.26636452e+09,\n",
       "        1.26635908e+09, 1.27737962e+09, 1.27740241e+09, 1.28705463e+09,\n",
       "        1.28709433e+09, 1.29554412e+09, 1.29554267e+09, 1.31060079e+09,\n",
       "        1.31065392e+09, 1.11305501e+09],\n",
       "       [9.69577101e+08, 9.69688609e+08, 9.69680166e+08, 9.75407694e+08,\n",
       "        9.75567676e+08, 9.84248285e+08, 9.84360935e+08, 9.94602036e+08,\n",
       "        9.94513511e+08, 1.00529764e+09, 1.00538340e+09, 1.02107557e+09,\n",
       "        1.02106141e+09, 1.03439906e+09, 1.03432890e+09, 1.24401125e+09,\n",
       "        1.24399871e+09, 1.25547827e+09, 1.25548876e+09, 1.26641929e+09,\n",
       "        1.26641385e+09, 1.27743564e+09, 1.27745889e+09, 1.28710930e+09,\n",
       "        1.28714949e+09, 1.29559781e+09, 1.29559637e+09, 1.31065392e+09,\n",
       "        1.31070811e+09, 1.11310629e+09],\n",
       "       [1.07343527e+09, 1.07353903e+09, 1.07351958e+09, 1.07592157e+09,\n",
       "        1.07609156e+09, 1.08016887e+09, 1.08028890e+09, 1.09038140e+09,\n",
       "        1.09029694e+09, 1.10291373e+09, 1.10300294e+09, 1.11822707e+09,\n",
       "        1.11821765e+09, 1.13104186e+09, 1.13098445e+09, 1.05206138e+09,\n",
       "        1.05205617e+09, 1.06269173e+09, 1.06272480e+09, 1.07393742e+09,\n",
       "        1.07393587e+09, 1.08574626e+09, 1.08577533e+09, 1.09624484e+09,\n",
       "        1.09628380e+09, 1.10437307e+09, 1.10437349e+09, 1.11305501e+09,\n",
       "        1.11310629e+09, 1.30499359e+09]])"
      ]
     },
     "execution_count": 155,
     "metadata": {},
     "output_type": "execute_result"
    }
   ],
   "source": [
    "# Ahora vamos a calcular la matriz A por su transpuesta (Matriz de covarianza) (nxn)\n",
    "matriz = A.T@A\n",
    "matriz"
   ]
  },
  {
   "cell_type": "code",
   "execution_count": 156,
   "metadata": {},
   "outputs": [
    {
     "name": "stdout",
     "output_type": "stream",
     "text": [
      "(30, 30)\n"
     ]
    }
   ],
   "source": [
    "print(matriz.shape)"
   ]
  },
  {
   "cell_type": "markdown",
   "metadata": {},
   "source": [
    "Generamos los valores propios y vectores propios"
   ]
  },
  {
   "cell_type": "code",
   "execution_count": 157,
   "metadata": {},
   "outputs": [
    {
     "name": "stdout",
     "output_type": "stream",
     "text": [
      "Valores propios:\n",
      "[3.54046089e+10+0.j 4.28053101e+09+0.j 4.54023928e+08+0.j\n",
      " 3.60647172e+08+0.j 1.48987488e+08+0.j 1.04764535e+08+0.j\n",
      " 1.01266876e+08+0.j 5.74398097e+07+0.j 5.40942285e+07+0.j\n",
      " 2.14757030e+07+0.j 4.31332149e+07+0.j 4.07508187e+07+0.j\n",
      " 3.14113030e+07+0.j 3.08592080e+07+0.j 3.03930217e+07+0.j\n",
      " 1.37877305e+04+0.j 1.26108173e+04+0.j 7.37121400e+03+0.j\n",
      " 5.06826440e+03+0.j 3.80034776e+03+0.j 3.35815237e+03+0.j\n",
      " 3.10180979e+03+0.j 2.78957929e+03+0.j 1.67181054e+03+0.j\n",
      " 1.54252730e+02+0.j 3.92891717e+02+0.j 7.90648985e+02+0.j\n",
      " 1.09377976e+03+0.j 9.60912983e+02+0.j 1.00319271e+03+0.j]\n",
      "Vectores propios:\n",
      "[[ 1.84387529e-01  2.01821814e-01 -4.56604296e-02 -2.40334996e-01\n",
      "   1.38543920e-01 -1.33716659e-01 -1.86547890e-01 -1.53793722e-01\n",
      "   1.24237661e-01 -1.70975714e-01  1.39553761e-01 -9.42753652e-03\n",
      "   3.19393564e-02  1.93002987e-01  3.03187789e-02 -6.09640723e-01\n",
      "   5.40315449e-01 -4.49665819e-03  1.07720039e-02  1.84140767e-03\n",
      "   3.41747403e-03 -1.16042705e-02  5.05635700e-02  5.31437523e-03\n",
      "  -4.59600209e-05 -7.18463144e-04  5.99493488e-04  3.72406843e-04\n",
      "  -5.42113122e-04  2.96964704e-04]\n",
      " [ 1.84401376e-01  2.01808484e-01 -4.58018170e-02 -2.40321629e-01\n",
      "   1.38296132e-01 -1.33945587e-01 -1.86516496e-01 -1.53740312e-01\n",
      "   1.24096962e-01 -1.70764548e-01  1.39515008e-01 -9.64657934e-03\n",
      "   3.15394763e-02  1.92846877e-01  3.04738580e-02  2.55149138e-01\n",
      "  -2.58167281e-01  3.11753481e-03 -8.92053829e-02  6.01213647e-02\n",
      "   8.43059756e-03  2.14254876e-01 -6.80572674e-01 -1.16931051e-01\n",
      "  -1.05555546e-03  8.69904572e-03  6.69201872e-04 -1.94039751e-03\n",
      "   1.42445267e-02 -1.57658089e-02]\n",
      " [ 1.84399329e-01  2.01802414e-01 -4.57991197e-02 -2.40331375e-01\n",
      "   1.38196712e-01 -1.33942831e-01 -1.86385280e-01 -1.53626527e-01\n",
      "   1.24015988e-01 -1.70915564e-01  1.39353434e-01 -9.68266858e-03\n",
      "   3.15286253e-02  1.92817273e-01  3.04564977e-02  3.54217339e-01\n",
      "  -2.83002009e-01  1.45763159e-03  7.85626086e-02 -6.19542481e-02\n",
      "  -1.21599362e-02 -2.02684797e-01  6.30140980e-01  1.11607999e-01\n",
      "   1.10158610e-03 -7.97342766e-03 -1.26182280e-03  1.56997304e-03\n",
      "  -1.36938304e-02  1.54600168e-02]\n",
      " [ 1.85113565e-01  1.98857987e-01 -3.16756465e-02 -2.14275187e-01\n",
      "   8.66491317e-02 -5.35026063e-02 -7.60551644e-02  1.46728905e-02\n",
      "  -1.48023243e-02  5.28602847e-01 -8.07242250e-02  5.15454569e-03\n",
      "  -4.83738901e-02 -2.69799977e-01 -4.18929246e-02 -1.17213703e-02\n",
      "  -1.98608551e-02  9.44544125e-03  6.94597714e-01  7.01167602e-02\n",
      "  -1.03285921e-02  8.85947924e-02 -5.77715808e-02  2.15277160e-02\n",
      "  -1.31905819e-04 -3.84829289e-03 -7.24334252e-04 -3.79465803e-03\n",
      "  -3.07599909e-03  5.61464515e-03]\n",
      " [ 1.85132119e-01  1.98828998e-01 -3.18546721e-02 -2.14177689e-01\n",
      "   8.65893769e-02 -5.35906769e-02 -7.61220295e-02  1.46703098e-02\n",
      "  -1.48495112e-02  5.28391375e-01 -8.06321497e-02  5.05670903e-03\n",
      "  -4.82774955e-02 -2.69678815e-01 -4.18959410e-02  1.16749588e-02\n",
      "   2.01074043e-02 -9.53843155e-03 -6.94807811e-01 -7.01858872e-02\n",
      "   1.04201890e-02 -8.86901960e-02  5.78675034e-02 -2.14436518e-02\n",
      "   1.30385134e-04  3.83046962e-03  7.22524294e-04  3.81538863e-03\n",
      "   3.06882077e-03 -5.60394167e-03]\n",
      " [ 1.85887651e-01  1.92100795e-01 -1.21109302e-02 -1.55994689e-01\n",
      "  -1.32545437e-03  7.10958906e-02  9.68384511e-02  2.09210599e-01\n",
      "  -1.69688303e-01 -3.93955712e-01 -2.49915878e-01  1.63917842e-02\n",
      "  -5.35493371e-02 -3.06404040e-01 -4.68276306e-02  4.67559376e-01\n",
      "   5.29222534e-01 -1.55785036e-02  1.80742310e-02  1.06024707e-02\n",
      "  -4.74965415e-03  1.56971778e-02 -2.28508512e-02  5.34336877e-03\n",
      "   1.35633208e-04 -8.53711929e-04  3.33596444e-04 -6.03196243e-04\n",
      "  -9.69611381e-04  1.17239393e-03]\n",
      " [ 1.85906121e-01  1.92119436e-01 -1.22189804e-02 -1.55902380e-01\n",
      "  -1.78447596e-03  7.11569312e-02  9.73652066e-02  2.09366752e-01\n",
      "  -1.70331897e-01 -3.93700335e-01 -2.50202963e-01  1.65712328e-02\n",
      "  -5.31655995e-02 -3.06529457e-01 -4.70231051e-02 -4.67498596e-01\n",
      "  -5.28919725e-01  1.56192146e-02 -1.81068051e-02 -1.04930922e-02\n",
      "   4.80430123e-03 -1.55842576e-02  2.26758505e-02 -5.43956164e-03\n",
      "  -1.48014211e-04  8.52926714e-04 -2.74824296e-04  5.68343355e-04\n",
      "   9.80722455e-04 -1.17926636e-03]\n",
      " [ 1.86597809e-01  1.81773676e-01  8.45196867e-03 -4.75682602e-02\n",
      "  -9.45697381e-02  1.83208072e-01  2.70126894e-01  2.24386157e-01\n",
      "  -1.50641167e-01  1.45073263e-01 -5.76744474e-02  1.04732875e-02\n",
      "   7.79319681e-02  4.53864584e-01  6.67618177e-02  6.02086488e-03\n",
      "   4.22961019e-04 -8.03673222e-03  6.54772478e-03  6.39245101e-02\n",
      "   7.04067568e-01 -1.12668680e-02  1.16271388e-02  2.63255466e-03\n",
      "   2.48323520e-04 -9.12426602e-04 -9.05142490e-04 -8.24612235e-03\n",
      "  -4.94633566e-04  2.49870131e-04]\n",
      " [ 1.86585715e-01  1.81783254e-01  8.48663060e-03 -4.75972296e-02\n",
      "  -9.45979005e-02  1.83324054e-01  2.70345614e-01  2.24629567e-01\n",
      "  -1.50801109e-01  1.45266865e-01 -5.78983960e-02  1.05817525e-02\n",
      "   7.79797416e-02  4.54019997e-01  6.67771440e-02 -5.68295478e-03\n",
      "  -6.69924544e-05  8.12127947e-03 -6.55090732e-03 -6.39188473e-02\n",
      "  -7.03669292e-01  1.13459414e-02 -1.16979324e-02 -2.62387154e-03\n",
      "  -2.34935095e-04  9.20002923e-04  8.62719648e-04  8.24482475e-03\n",
      "   4.72420857e-04 -2.27923603e-04]\n",
      " [ 1.87061079e-01  1.67617173e-01  3.68512416e-02  1.20334748e-01\n",
      "  -1.85603486e-01  1.92137220e-01  2.81939785e-01 -1.61177292e-01\n",
      "   1.74051795e-01 -2.62636404e-02  4.08775537e-01 -3.43611574e-02\n",
      "  -3.28321342e-02 -2.07520333e-01 -2.85363562e-02 -7.65024118e-03\n",
      "  -1.45298552e-02 -7.06786870e-01  8.59552534e-03 -3.76559817e-03\n",
      "  -7.76796895e-03  6.49386470e-03  1.45365376e-04 -8.82785841e-04\n",
      "   5.20526043e-04 -5.46529456e-04  1.09359302e-03 -9.14386576e-04\n",
      "  -3.29502935e-04 -3.21561478e-03]\n",
      " [ 1.87057223e-01  1.67570213e-01  3.63936195e-02  1.20363965e-01\n",
      "  -1.85765430e-01  1.92455200e-01  2.81616960e-01 -1.61157928e-01\n",
      "   1.74108342e-01 -2.61810500e-02  4.08820142e-01 -3.43210984e-02\n",
      "  -3.28886349e-02 -2.07641430e-01 -2.83618904e-02  7.67958936e-03\n",
      "   1.45231117e-02  7.06757873e-01 -8.61664699e-03  3.77633707e-03\n",
      "   7.60256034e-03 -6.42603677e-03 -7.71729443e-05  8.97196781e-04\n",
      "  -5.19629936e-04  5.50188667e-04 -1.10061859e-03  9.13481234e-04\n",
      "   3.35640251e-04  3.20769255e-03]\n",
      " [ 1.87641645e-01  1.46909798e-01  7.10889940e-02  3.01998330e-01\n",
      "  -1.81108404e-01 -2.67166481e-02 -6.75362372e-02 -3.19294550e-01\n",
      "   1.54755701e-01  2.79344909e-03 -4.22328603e-01  3.17422824e-02\n",
      "   3.22026747e-03  5.97274353e-02  8.14424911e-03 -5.44491056e-05\n",
      "   8.14216867e-04  6.63485628e-03 -6.47019735e-03 -4.64016190e-01\n",
      "   4.86323803e-02  5.14621366e-01  1.27655245e-01 -3.11436088e-02\n",
      "  -4.94705096e-04  1.87092058e-03  1.84487507e-03  7.83929799e-03\n",
      "   5.47595440e-04 -4.95596471e-03]\n",
      " [ 1.87639756e-01  1.46907785e-01  7.10844442e-02  3.01983730e-01\n",
      "  -1.81106883e-01 -2.66729951e-02 -6.74706771e-02 -3.19219206e-01\n",
      "   1.54804078e-01  2.81645907e-03 -4.22271873e-01  3.19416823e-02\n",
      "   3.10078903e-03  5.97950497e-02  7.99586252e-03  7.32546220e-05\n",
      "  -7.50891084e-04 -6.62342999e-03  6.45839487e-03  4.64052939e-01\n",
      "  -4.86559325e-02 -5.14660022e-01 -1.27694606e-01  3.11401548e-02\n",
      "   4.94582565e-04 -1.87054292e-03 -1.85680291e-03 -7.84548552e-03\n",
      "  -5.51059211e-04  4.95835936e-03]\n",
      " [ 1.87655583e-01  1.26024600e-01  8.68806584e-02  3.76993359e-01\n",
      "  -4.96886085e-02 -1.93564007e-01 -3.05151120e-01  2.50143783e-01\n",
      "  -2.38953684e-01  5.53543944e-04  2.12806140e-01 -2.21430123e-02\n",
      "   2.11680399e-02 -1.90298916e-02 -3.28797437e-03  1.25077109e-04\n",
      "  -9.26614812e-03  8.77522133e-04 -8.22142243e-02  5.13285325e-01\n",
      "  -4.22370064e-02  4.04839831e-01  2.10957444e-01 -1.35344890e-01\n",
      "   3.91611906e-04  1.04927351e-02 -3.12134853e-03  7.75582295e-03\n",
      "   1.98659042e-02 -2.29321285e-02]\n",
      " [ 1.87646687e-01  1.26054131e-01  8.68694551e-02  3.76934568e-01\n",
      "  -4.96415509e-02 -1.93382732e-01 -3.05101071e-01  2.50037905e-01\n",
      "  -2.38985843e-01  4.23469128e-04  2.12787657e-01 -2.22964910e-02\n",
      "   2.12323579e-02 -1.90845006e-02 -3.17170494e-03 -1.85906809e-04\n",
      "   9.35597639e-03 -8.90992971e-04  8.23672369e-02 -5.13356164e-01\n",
      "   4.21704792e-02 -4.04936248e-01 -2.10972663e-01  1.35362256e-01\n",
      "  -3.93814448e-04 -1.05133646e-02  3.08400876e-03 -7.75002155e-03\n",
      "  -1.98595060e-02  2.29138727e-02]\n",
      " [ 1.83240093e-01 -1.65135933e-01  3.19078080e-01  3.18940177e-02\n",
      "   2.37204110e-01  2.80711965e-01 -1.30165641e-01  1.49342088e-01\n",
      "   2.23795366e-01 -7.43298277e-04 -3.62531976e-02 -1.53714835e-01\n",
      "  -2.62461776e-01  2.70417052e-02  1.32218041e-01 -6.88832926e-04\n",
      "  -5.18055713e-04  1.07910359e-03 -4.73396790e-03 -5.09940552e-04\n",
      "  -8.09963576e-03  9.25875607e-03  5.66110128e-03 -5.77903975e-03\n",
      "  -6.52877917e-03 -3.76903934e-03  1.39273951e-02 -7.06121748e-01\n",
      "  -2.79160015e-02  2.84624012e-03]\n",
      " [ 1.83237998e-01 -1.65131834e-01  3.19034914e-01  3.18795443e-02\n",
      "   2.37169657e-01  2.80627635e-01 -1.30093421e-01  1.49273668e-01\n",
      "   2.23697440e-01 -7.80154065e-04 -3.62579406e-02 -1.53713541e-01\n",
      "  -2.62393432e-01  2.70262207e-02  1.32175545e-01  3.23871221e-04\n",
      "  -1.81579756e-05 -1.06224436e-03  4.58059450e-03  5.18369271e-04\n",
      "   8.08904637e-03 -9.26719908e-03 -5.57723347e-03  5.73699006e-03\n",
      "   6.51660960e-03  3.77004939e-03 -1.39097152e-02  7.06285721e-01\n",
      "   2.78812976e-02 -2.80691885e-03]\n",
      " [ 1.82632871e-01 -1.79732515e-01  2.55481978e-01  2.76859775e-03\n",
      "   2.09565230e-01  6.35092423e-02  4.58489037e-02 -7.27807214e-02\n",
      "  -4.94432080e-02 -1.10739095e-03  7.06506178e-03  1.99162610e-01\n",
      "   4.50855197e-01 -4.00840021e-02 -2.58135334e-01 -3.87182529e-03\n",
      "  -3.85052090e-03 -4.95141998e-04 -2.73869396e-02  4.97453846e-02\n",
      "  -2.91959251e-03  6.96780400e-02 -2.89431315e-02  2.87016711e-01\n",
      "  -1.66278721e-03  1.27859742e-01  5.07521058e-01  1.86081007e-02\n",
      "  -2.44979062e-01  2.72792993e-01]\n",
      " [ 1.82635772e-01 -1.79723257e-01  2.55475046e-01  2.78032055e-03\n",
      "   2.09695871e-01  6.35425005e-02  4.59120211e-02 -7.28062730e-02\n",
      "  -4.94406394e-02 -1.09868823e-03  7.03000604e-03  1.99076801e-01\n",
      "   4.50930280e-01 -4.01274593e-02 -2.58098333e-01  4.49629867e-03\n",
      "   3.66115440e-03  7.73815308e-04  2.73360339e-02 -4.97615999e-02\n",
      "   2.97299693e-03 -6.96595793e-02  2.89333962e-02 -2.86959942e-01\n",
      "   1.66687079e-03 -1.27829230e-01 -5.07474194e-01 -1.86486582e-02\n",
      "   2.44888870e-01 -2.72885588e-01]\n",
      " [ 1.81265062e-01 -1.93382798e-01  1.40454464e-01 -3.12319410e-02\n",
      "   7.61138172e-02 -2.46840963e-01  2.21183435e-01 -2.31556029e-01\n",
      "  -3.03967759e-01 -9.67127928e-06  4.13743398e-02  1.59019459e-01\n",
      "  -2.67049675e-01  9.38503000e-03  2.21168746e-01 -1.58286049e-04\n",
      "   2.94368548e-04 -2.34711431e-03 -9.55861442e-04 -2.89343219e-03\n",
      "   2.45045343e-04  4.48964395e-04  1.91499687e-03 -1.69995175e-02\n",
      "  -3.82890323e-03  2.24514402e-03 -1.44894250e-02 -1.79978476e-02\n",
      "   5.02548307e-01  4.96636958e-01]\n",
      " [ 1.81263464e-01 -1.93384451e-01  1.40415375e-01 -3.12403532e-02\n",
      "   7.60853116e-02 -2.46896562e-01  2.21215689e-01 -2.31563621e-01\n",
      "  -3.03983647e-01 -1.09868679e-05  4.13718207e-02  1.58998482e-01\n",
      "  -2.67164870e-01  9.39105559e-03  2.21245377e-01  3.10774044e-05\n",
      "  -2.48620591e-05  2.59641663e-03  9.08746596e-04  2.86469144e-03\n",
      "  -2.22728733e-04 -4.71953558e-04 -1.91004430e-03  1.69746342e-02\n",
      "   3.82063835e-03 -2.24103411e-03  1.44800429e-02  1.79322067e-02\n",
      "  -5.02493369e-01 -4.96565546e-01]\n",
      " [ 1.79767939e-01 -2.01271530e-01  2.28391915e-03 -5.46925156e-02\n",
      "  -1.09414316e-01 -3.16889451e-01  1.67756816e-01  8.15367481e-02\n",
      "   1.02346614e-01 -6.79097724e-05 -4.60575729e-02 -4.51247061e-01\n",
      "   1.30293852e-02  3.79973789e-02 -2.43060156e-01 -4.76082444e-03\n",
      "  -3.72225792e-03  1.03813264e-03 -3.10023470e-02  5.18908656e-02\n",
      "  -4.10379670e-03  8.41189664e-02 -3.85960077e-02  5.16767285e-01\n",
      "  -4.70390147e-03  7.25830176e-02  3.73285046e-03 -1.79929938e-02\n",
      "   3.34467408e-01 -3.21348781e-01]\n",
      " [ 1.79772557e-01 -2.01268405e-01  2.28317074e-03 -5.46916264e-02\n",
      "  -1.09416297e-01 -3.16970023e-01  1.67813243e-01  8.15307765e-02\n",
      "   1.02370528e-01 -2.43793077e-05 -4.60443831e-02 -4.51321151e-01\n",
      "   1.31088650e-02  3.79780807e-02 -2.43115306e-01  4.57110744e-03\n",
      "   3.96480055e-03 -7.68894474e-04  3.10849410e-02 -5.18482864e-02\n",
      "   4.05898703e-03 -8.41351761e-02  3.84896818e-02 -5.16646155e-01\n",
      "   4.69967733e-03 -7.25943919e-02 -3.74744351e-03  1.79373181e-02\n",
      "  -3.34423954e-01  3.21336798e-01]\n",
      " [ 1.78287427e-01 -2.04614272e-01 -1.11612272e-01 -6.29773351e-02\n",
      "  -2.04225933e-01 -1.30850317e-01 -1.03125653e-02  2.15530023e-01\n",
      "   2.70835183e-01  1.16882912e-04 -1.08128585e-02  2.05834609e-01\n",
      "   2.03183927e-01 -9.20592217e-02  3.72638006e-01 -4.54977862e-03\n",
      "  -2.81221164e-03 -2.21838094e-03 -2.77495134e-02  4.44816658e-02\n",
      "  -3.87718930e-03  6.91350292e-02 -3.06687353e-02  2.88926772e-01\n",
      "   1.50413765e-03  1.78304610e-01 -4.90842326e-01 -7.70718289e-04\n",
      "  -2.61093777e-01  2.59213629e-01]\n",
      " [ 1.78295300e-01 -2.04612005e-01 -1.11579155e-01 -6.29676984e-02\n",
      "  -2.04250561e-01 -1.30904020e-01 -1.02574655e-02  2.15571390e-01\n",
      "   2.70898871e-01  1.87728010e-04 -1.08109413e-02  2.05810865e-01\n",
      "   2.03254477e-01 -9.20393922e-02  3.72738483e-01  4.51672081e-03\n",
      "   2.83762341e-03  2.01267067e-03  2.77827752e-02 -4.44908536e-02\n",
      "   3.90010246e-03 -6.91711588e-02  3.06300094e-02 -2.88884793e-01\n",
      "  -1.47756589e-03 -1.78286792e-01  4.90741485e-01  7.95292070e-04\n",
      "   2.61073128e-01 -2.59169764e-01]\n",
      " [ 1.76716258e-01 -2.05910658e-01 -1.88904406e-01 -6.09269640e-02\n",
      "  -1.91240703e-01  1.02380723e-01 -1.45360172e-01  4.29067928e-02\n",
      "   2.91774425e-02 -7.03470671e-04  3.62560030e-02  2.98785818e-01\n",
      "  -2.81483554e-01  1.01264411e-01 -3.68814053e-01 -2.25163083e-04\n",
      "  -4.92421788e-05  4.26375897e-04 -1.10985894e-04 -4.67020234e-04\n",
      "  -2.33299536e-04  9.31220234e-04 -1.13187700e-03  2.39039766e-03\n",
      "   7.07039069e-01  3.22913149e-03  2.43894274e-03 -6.69812017e-03\n",
      "   5.03115674e-03  2.53860733e-04]\n",
      " [ 1.76715877e-01 -2.05911099e-01 -1.88914709e-01 -6.09253385e-02\n",
      "  -1.91249011e-01  1.02373895e-01 -1.45351545e-01  4.29157069e-02\n",
      "   2.91905562e-02 -6.95748212e-04  3.62589248e-02  2.98800708e-01\n",
      "  -2.81464649e-01  1.01274445e-01 -3.68805074e-01  2.16225426e-04\n",
